1 0.4765625 0.52421875 0.0296875 0.01484375
1 0.48203125 0.42109375 0.02578125 0.01640625
1 0.58359375 0.36796875 0.025 0.01484375
1 0.45703125 0.3890625 0.03046875 0.01015625
1 0.67578125 0.3890625 0.03125 0.01796875
1 0.6296875 0.41171875 0.028125 0.01640625
1 0.31796875 0.38125 0.02734375 0.0171875
1 0.321875 0.39921875 0.028125 0.0109375
1 0.3046875 0.428125 0.0265625 0.0109375
1 0.33828125 0.4390625 0.02890625 0.0125
1 0.5765625 0.52578125 0.02265625 0.01484375
1 0.69453125 0.56328125 0.0203125 0.0140625