1 0.10703125 0.396875 0.025 0.0796875
1 0.21015625 0.434375 0.05390625 0.0546875
1 0.20703125 0.203125 0.04375 0.06484375
1 0.2359375 0.34375 0.0328125 0.07109375
1 0.40390625 0.35 0.046875 0.07109375
1 0.42734375 0.3921875 0.0265625 0.0765625
1 0.4421875 0.41953125 0.0421875 0.06953125
1 0.39375 0.55625 0.05703125 0.05703125
1 0.6296875 0.409375 0.0453125 0.0703125
1 0.5609375 0.56953125 0.05390625 0.07265625
1 0.625 0.46640625 0.03515625 0.0484375
1 0.59921875 0.64140625 0.0234375 0.06640625
1 0.65703125 0.56875 0.01953125 0.07578125
1 0.72421875 0.57734375 0.03125 0.07578125
1 0.81171875 0.5421875 0.0359375 0.071875
1 0.83828125 0.49609375 0.02734375 0.08125
1 0.82578125 0.74609375 0.0375 0.0703125
1 0.87109375 0.79453125 0.03125 0.05390625