1 0.14765625 0.61953125 0.028125 0.03046875
1 0.14921875 0.57734375 0.034375 0.0453125
1 0.21796875 0.5625 0.028125 0.03359375
1 0.2390625 0.59609375 0.03203125 0.03984375
1 0.2453125 0.5359375 0.0328125 0.028125
1 0.27109375 0.55390625 0.021875 0.0390625
1 0.33828125 0.55 0.025 0.03203125
1 0.315625 0.62421875 0.021875 0.046875
1 0.3515625 0.60703125 0.0375 0.03984375
1 0.3640625 0.65234375 0.03203125 0.03984375
1 0.44765625 0.63671875 0.03984375 0.0421875
1 0.49609375 0.61796875 0.0171875 0.040625
1 0.48359375 0.55546875 0.01640625 0.0359375
1 0.55 0.609375 0.03515625 0.0375
1 0.56640625 0.59765625 0.02421875 0.03828125
1 0.60859375 0.53671875 0.0171875 0.0328125
1 0.58359375 0.51328125 0.0265625 0.02265625
1 0.66328125 0.60234375 0.0359375 0.02578125
1 0.7078125 0.58515625 0.0265625 0.03359375