1 0.2828125 0.61484375 0.03671875 0.0203125
1 0.2875 0.63125 0.028125 0.040625
1 0.34296875 0.6609375 0.03046875 0.04296875
1 0.3921875 0.6421875 0.0375 0.03046875
1 0.3953125 0.69765625 0.0359375 0.03515625
1 0.39140625 0.72734375 0.0296875 0.03984375
1 0.409375 0.76640625 0.03203125 0.0484375
1 0.52109375 0.80078125 0.0359375 0.0265625
1 0.93203125 0.7390625 0.05390625 0.03828125
1 0.72109375 0.421875 0.03515625 0.034375
1 0.71328125 0.4546875 0.0375 0.02890625
1 0.709375 0.51953125 0.028125 0.034375
1 0.7046875 0.53984375 0.0140625 0.02890625
1 0.74765625 0.43671875 0.01640625 0.0359375
1 0.76640625 0.44375 0.02578125 0.03125
1 0.76796875 0.50703125 0.02421875 0.034375
1 0.78828125 0.49609375 0.03125 0.034375
1 0.79140625 0.525 0.01328125 0.04609375
1 0.76328125 0.61015625 0.03515625 0.0234375
1 0.6859375 0.60859375 0.03671875 0.02265625
1 0.659375 0.59453125 0.0125 0.03203125
1 0.6 0.57578125 0.028125 0.0296875
1 0.621875 0.5109375 0.03671875 0.03203125
1 0.64375 0.4578125 0.034375 0.03046875
1 0.60859375 0.4515625 0.02421875 0.04140625
1 0.5671875 0.4734375 0.03125 0.03671875
1 0.52578125 0.54765625 0.01484375 0.03515625
1 0.475 0.48671875 0.0375 0.02421875
1 0.4734375 0.5078125 0.02734375 0.0265625
1 0.471875 0.59375 0.03359375 0.0296875
1 0.52109375 0.61484375 0.0234375 0.0421875
1 0.5515625 0.61484375 0.0234375 0.0390625
1 0.496875 0.66875 0.03828125 0.046875
1 0.5109375 0.69921875 0.0234375 0.0328125
1 0.528125 0.68671875 0.01640625 0.028125
1 0.5328125 0.70390625 0.01484375 0.02421875
1 0.5765625 0.71171875 0.02265625 0.0359375
1 0.578125 0.65703125 0.034375 0.03828125
1 0.6359375 0.65234375 0.0203125 0.03359375
1 0.6296875 0.771875 0.02734375 0.0234375