1 0.51640625 0.821875 0.14375 0.1765625
1 0.34140625 0.8171875 0.0890625 0.1875
1 0.11796875 0.7484375 0.08515625 0.1671875
1 0.2046875 0.7359375 0.128125 0.165625
1 0.32265625 0.68828125 0.07578125 0.14609375
1 0.18125 0.646875 0.0640625 0.125
1 0.12734375 0.6015625 0.06953125 0.1515625
1 0.090625 0.52421875 0.0484375 0.05546875
1 0.09765625 0.48046875 0.0453125 0.06484375
1 0.06875 0.53671875 0.03984375 0.1609375
1 0.03125 0.5390625 0.0625 0.14375
1 0.17734375 0.6109375 0.0234375 0.03515625
1 0.2734375 0.57734375 0.11015625 0.1546875
1 0.35859375 0.57890625 0.11328125 0.09609375
1 0.3859375 0.52734375 0.0421875 0.1375
1 0.24609375 0.46171875 0.0765625 0.13359375
1 0.35 0.4140625 0.059375 0.10625
1 0.4609375 0.37578125 0.08125 0.11171875
1 0.49765625 0.42890625 0.103125 0.109375
1 0.90546875 0.78046875 0.14921875 0.1734375
1 0.82109375 0.734375 0.07734375 0.15234375
1 0.66328125 0.65859375 0.109375 0.15390625
1 0.596875 0.60703125 0.05625 0.15
1 0.7984375 0.628125 0.05625 0.16328125
1 0.8 0.61953125 0.09609375 0.13359375
1 0.871875 0.565625 0.06171875 0.1328125
1 0.784375 0.5375 0.0765625 0.10546875