1 0.06875 0.58828125 0.01875 0.03046875
1 0.14140625 0.56796875 0.015625 0.028125
1 0.18984375 0.55390625 0.02421875 0.03046875
1 0.22578125 0.5453125 0.015625 0.02265625
1 0.26953125 0.53671875 0.02421875 0.0203125
1 0.35703125 0.50546875 0.0140625 0.0296875
1 0.4125 0.49375 0.0109375 0.04296875
1 0.46796875 0.47734375 0.0140625 0.03359375
1 0.54921875 0.45859375 0.0125 0.02421875
1 0.640625 0.4359375 0.01484375 0.03125
1 0.71953125 0.46484375 0.03359375 0.028125
1 0.7265625 0.365625 0.0171875 0.03125
1 0.7609375 0.3921875 0.02265625 0.01875
1 0.7921875 0.37421875 0.02734375 0.03984375
1 0.88828125 0.4625 0.025 0.03046875
1 0.56328125 0.59375 0.01796875 0.03671875
1 0.640625 0.52890625 0.01484375 0.03671875