1 0.6265625 0.72421875 0.16875 0.15078125
1 0.51171875 0.665625 0.0765625 0.084375
1 0.56875 0.67109375 0.0515625 0.053125
1 0.6296875 0.659375 0.0328125 0.02109375
1 0.475 0.4578125 0.07578125 0.0625
1 0.3765625 0.671875 0.08125 0.0359375
1 0.2828125 0.66796875 0.0671875 0.0375
1 0.1078125 0.62109375 0.12734375 0.08671875
1 0.25859375 0.56328125 0.05078125 0.12578125
1 0.30625 0.546875 0.046875 0.06484375
1 0.16796875 0.49765625 0.07421875 0.02890625
1 0.20859375 0.4609375 0.04375 0.0484375
1 0.4296875 0.54296875 0.10390625 0.0625
1 0.3234375 0.309375 0.0359375 0.05
1 0.578125 0.5375 0.0515625 0.03046875
1 0.51484375 0.328125 0.16328125 0.046875
1 0.5234375 0.2328125 0.065625 0.05078125