1 0.196875 0.0609375 0.053125 0.04296875
1 0.21953125 0.11953125 0.0453125 0.03515625
1 0.20703125 0.084375 0.05703125 0.0390625
1 0.284375 0.2515625 0.05390625 0.04140625
1 0.30390625 0.29296875 0.05703125 0.04375
1 0.29296875 0.28125 0.0515625 0.034375
1 0.2734375 0.2453125 0.05625 0.0375
1 0.33125 0.325 0.05625 0.04296875
1 0.32109375 0.37109375 0.05625 0.0328125
1 0.38359375 0.38984375 0.05703125 0.03984375
1 0.3859375 0.45078125 0.04921875 0.0484375
1 0.434375 0.52734375 0.05390625 0.05625
1 0.40234375 0.478125 0.0546875 0.0359375
1 0.51328125 0.4515625 0.07421875 0.05390625
1 0.46015625 0.446875 0.065625 0.0421875
1 0.4375 0.43203125 0.059375 0.0390625
1 0.578125 0.7171875 0.05859375 0.02578125
1 0.57734375 0.7140625 0.0640625 0.040625
1 0.6640625 0.790625 0.0625 0.0625
1 0.690625 0.7984375 0.05 0.05234375