0 0.069443359375 0.8195833333333334 0.032548828125 0.07088541666666666
0 0.207705078125 0.80328125 0.041318359375 0.072109375
0 0.30734375 0.6293359374999999 0.02658203125 0.06365885416666667
0 0.360244140625 0.6202994791666666 0.029296875 0.0600390625
0 0.390078125 0.6618880208333333 0.0336328125 0.06654947916666666
0 0.3803125 0.5580859375 0.0336328125 0.09041666666666666
0 0.472001953125 0.5935286458333333 0.049912109375 0.07305989583333333
0 0.489091796875 0.5146875 0.04828125 0.07450520833333334
0 0.526533203125 0.5559114583333333 0.039609375 0.06727864583333333
0 0.569658203125 0.5027473958333334 0.028212890625 0.0824609375
0 0.6019140625 0.5563411458333333 0.0355078125 0.078125
0 0.654990234375 0.4278255208333333 0.053017578125 0.068828125
0 0.79345703125 0.4613541666666667 0.051044921875 0.06924479166666667
0 0.80744140625 0.40957031250000003 0.051494140625 0.07338541666666666
0 0.9169921875 0.4717838541666666 0.029951171875 0.0503515625