0 0.666728515625 0.06602864583333333 0.07955078125 0.0791015625
0 0.63109375 0.10486979166666667 0.072724609375 0.039609375
0 0.619208984375 0.15848958333333332 0.06263671875 0.08173177083333334
0 0.582587890625 0.22794270833333333 0.083798828125 0.06438802083333334
0 0.565986328125 0.3060807291666667 0.07013671875 0.08177083333333333
0 0.535390625 0.3672786458333333 0.061025390625 0.07397135416666667
0 0.49470703125 0.4070052083333333 0.064287109375 0.07095052083333334
0 0.476640625 0.47537760416666663 0.050947265625 0.10786458333333333
0 0.445556640625 0.5174739583333333 0.063642578125 0.04450520833333333
0 0.427490234375 0.5526432291666666 0.076337890625 0.07141927083333334
0 0.416259765625 0.6205729166666667 0.083173828125 0.04670572916666666
0 0.493076171875 0.7006640625 0.054521484375 0.0462890625
0 0.634833984375 0.711953125 0.05482421875 0.05149739583333333
0 0.610263671875 0.6915494791666666 0.041484375 0.07145833333333333
0 0.7163671875 0.7069531250000001 0.058388671875 0.07190104166666667
0 0.7868359375 0.6659375 0.03982421875 0.04627604166666666
0 0.290302734375 0.6785286458333334 0.033076171875 0.0627734375
0 0.31666015625 0.8063671874999999 0.040224609375 0.07106770833333333
0 0.20208984375 0.7855338541666667 0.045458984375 0.08147135416666666
0 0.138779296875 0.8100520833333333 0.065322265625 0.056731770833333334
0 0.060009765625 0.8248177083333333 0.064033203125 0.061953125
0 0.027138671875 0.8554166666666667 0.05427734375 0.08756510416666667
0 0.243427734375 0.9852473958333333 0.030478515625 0.02951822916666667
0 0.338955078125 0.9641536458333334 0.068544921875 0.061119791666666666
0 0.40845703125 0.9494010416666666 0.05453125 0.066328125
0 0.445556640625 0.9292057291666667 0.063642578125 0.06502604166666666
0 0.484296875 0.9062109375 0.056474609375 0.07977864583333334
0 0.522373046875 0.8981770833333332 0.061025390625 0.06804687499999999
0 0.566640625 0.8864583333333332 0.071435546875 0.05328125
0 0.81076171875 0.9711328125 0.051865234375 0.05772135416666666
0 0.854541015625 0.949609375 0.058037109375 0.062421874999999995
0 0.90515625 0.9335546875 0.045341796875 0.07369791666666667
0 0.951865234375 0.8992578125 0.06388671875 0.06588541666666667
0 0.860888671875 0.6707161458333334 0.08701171875 0.06450520833333333
0 0.88025390625 0.6279557291666666 0.089931640625 0.0527734375
0 0.901416015625 0.60515625 0.060634765625 0.046263020833333335
0 0.878466796875 0.5513411458333334 0.070078125 0.0775
0 0.930380859375 0.5552473958333334 0.086025390625 0.07662760416666667
0 0.960771484375 0.5311458333333333 0.078447265625 0.058828125
0 0.985185546875 0.4584375 0.029619140625 0.0653125
0 0.89392578125 0.5048828125 0.0651953125 0.04536458333333334