0 0.426435546875 0.5651041666666666 0.028642578125 0.03298177083333333
0 0.316728515625 0.5525130208333333 0.046220703125 0.04079427083333333
0 0.337890625 0.4891536458333334 0.015625 0.028645833333333332
0 0.668623046875 0.5095442708333333 0.033857421875 0.026041666666666668
0 0.6328125 0.6019921874999999 0.072919921875 0.04079427083333333
0 0.289384765625 0.4930598958333334 0.034501953125 0.036458333333333336
0 0.247392578125 0.4947916666666667 0.032548828125 0.03298177083333333
0 0.827470703125 0.5564192708333333 0.022138671875 0.036458333333333336
0 0.1572265625 0.5060807291666667 0.034501953125 0.03298177083333333
0 0.2451171875 0.5559895833333334 0.037109375 0.030377604166666666
0 0.233720703125 0.5915755208333333 0.059892578125 0.026914062500000002