0 0.106728515625 0.9052673796791444 0.057197265625 0.1145855614973262
0 0.101845703125 0.7152406417112299 0.05580078125 0.09358288770053476
0 0.179970703125 0.7400668449197861 0.05580078125 0.11268716577540108
0 0.330634765625 0.7104679144385027 0.05580078125 0.1184090909090909
0 0.289482421875 0.9469117647058823 0.059990234375 0.10618983957219252
0 0.25390625 0.9879679144385026 0.033486328125 0.02406417112299465
0 0.237861328125 0.4717379679144385 0.062783203125 0.08403743315508021
0 0.516884765625 0.7677673796791443 0.059990234375 0.1184090909090909
0 0.575478515625 0.872807486631016 0.057197265625 0.0763903743315508
0 0.73521484375 0.9688636363636364 0.05859375 0.06225935828877006
0 0.825888671875 0.9688636363636364 0.05580078125 0.06225935828877006
0 0.863564453125 0.9574064171122995 0.05859375 0.08517379679144385
0 0.965400390625 0.9554946524064172 0.06138671875 0.08899732620320855
0 0.65150390625 0.5977807486631016 0.05859375 0.09549465240641712
0 0.668251953125 0.6789572192513369 0.053017578125 0.07830213903743316
0 0.6640625 0.7505748663101603 0.05580078125 0.0649331550802139
0 0.67103515625 0.8336497326203209 0.05859375 0.10121657754010695
0 0.70521484375 0.8346122994652406 0.040458984375 0.10312834224598931
0 0.774970703125 0.7400668449197861 0.054404296875 0.04774064171122995
0 0.816123046875 0.6684491978609626 0.053017578125 0.10695187165775401
0 0.887275390625 0.5939705882352941 0.05580078125 0.1145855614973262
0 0.933310546875 0.5309358288770053 0.053017578125 0.1184090909090909
0 0.530830078125 0.4077540106951872 0.057197265625 0.09358288770053476
0 0.576171875 0.3647860962566845 0.05859375 0.1184090909090909
0 0.65220703125 0.32180481283422463 0.057197265625 0.08975935828877006
0 0.405966796875 0.2225 0.05859375 0.11268716577540108
0 0.56431640625 0.20053475935828877 0.057197265625 0.0916711229946524
0 0.706611328125 0.2148529411764706 0.054404296875 0.10504010695187165
0 0.746376953125 0.16328877005347595 0.066962890625 0.06302139037433155
0 0.72474609375 0.1048529411764706 0.054404296875 0.10733957219251337