0 0.8200694444444445 0.47416015625 0.14071180555555554 0.036533203125
0 0.5456423611111112 0.433466796875 0.13873263888888887 0.0462890625
0 0.8275868055555555 0.30234375 0.07473958333333333 0.042841796875
0 0.4808333333333333 0.2459375 0.04383680555555555 0.029306640625
0 0.7670138888888889 0.2040625 0.05534722222222222 0.036748046875
0 0.8297569444444445 0.196318359375 0.046892361111111114 0.025439453125
0 0.7423263888888889 0.18005859375 0.033281250000000005 0.0278125
0 0.7119444444444444 0.171064453125 0.07420138888888889 0.02794921875
0 0.4659375 0.186962890625 0.07821180555555556 0.026279296875
0 0.22836805555555553 0.16505859375 0.029635416666666668 0.02990234375
0 0.0765798611111111 0.190595703125 0.033628472222222226 0.02794921875
0 0.02140625 0.184873046875 0.0428125 0.036044921875