0 0.430576171875 0.48651041666666667 0.06037109375 0.1136328125
0 0.511298828125 0.5129296875 0.034873046875 0.10138020833333333
0 0.646279296875 0.5189713541666666 0.032783203125 0.08371093750000001
0 0.72962890625 0.605 0.043251953125 0.07533854166666666
0 0.785439453125 0.5868619791666666 0.072548828125 0.10230468749999999
0 0.62255859375 0.5659375 0.0244140625 0.067890625
0 0.624306640625 0.5919791666666666 0.078125 0.10509114583333333
0 0.587685546875 0.5896614583333334 0.032783203125 0.10602864583333334
0 0.555947265625 0.54640625 0.0390625 0.07161458333333333
0 0.559775390625 0.5919791666666666 0.0341796875 0.09022135416666667
0 0.553505859375 0.6012890625 0.07603515625 0.11626302083333334
0 0.513046875 0.5840755208333334 0.032783203125 0.08928385416666666
0 0.657783203125 0.7049869791666666 0.04603515625 0.08371093750000001
0 0.492119140625 0.6561588541666666 0.071845703125 0.11253906250000001
0 0.458291015625 0.6031380208333333 0.062783203125 0.09951822916666668
0 0.406669921875 0.615703125 0.069755859375 0.11346354166666667
0 0.376328125 0.6059375 0.0439453125 0.10324218750000001
0 0.33970703125 0.5780338541666666 0.03626953125 0.11811197916666666
0 0.31529296875 0.5752473958333334 0.033486328125 0.088359375
0 0.11935546875 0.5975130208333334 0.067275390625 0.10127604166666666
0 0.14703125 0.5750911458333333 0.04666015625 0.114296875
0 0.89564453125 0.48455729166666667 0.04185546875 0.08371093750000001