0 0.59361328125 0.8114713541666667 0.087890625 0.13299479166666667
0 0.230185546875 0.6612760416666666 0.1171875 0.16368489583333332
0 0.3030859375 0.6310416666666666 0.088583984375 0.14973958333333334
0 0.433876953125 0.6510416666666666 0.126953125 0.16927083333333334
0 0.381552734375 0.6222135416666666 0.037666015625 0.14322916666666666
0 0.452353515625 0.6370963541666667 0.0537109375 0.12834635416666665
0 0.46107421875 0.5785026041666667 0.09068359375 0.09673177083333334
0 0.53466796875 0.6263932291666666 0.123466796875 0.18507812499999998
0 0.542685546875 0.6101171875 0.03626953125 0.09858072916666666
0 0.567451171875 0.5245572916666666 0.048134765625 0.1171875
0 0.701728515625 0.6505729166666666 0.06556640625 0.15346354166666668
0 0.77671875 0.6370963541666667 0.106728515625 0.165546875
0 0.1337890625 0.599609375 0.07421875 0.18359375
0 0.08935546875 0.5774739583333334 0.0517578125 0.14713541666666666