0 0.511474609375 0.6505847953216374 0.049638671875 0.1023391812865497
0 0.550126953125 0.5573830409356725 0.1025390625 0.07431286549707602
0 0.655927734375 0.5872368421052632 0.045576171875 0.0706578947368421
0 0.51228515625 0.4769736842105263 0.140791015625 0.14498538011695908
0 0.354814453125 0.6645906432748537 0.0439453125 0.08406432748538012
0 0.340986328125 0.6158625730994152 0.094404296875 0.0718859649122807
0 0.15666015625 0.847953216374269 0.117998046875 0.12182748538011695
0 0.218916015625 0.7102777777777778 0.0830078125 0.10478070175438597
0 0.2978515625 0.6639912280701754 0.047197265625 0.07796783625730994
0 0.245771484375 0.6359649122807017 0.042314453125 0.053611111111111116
0 0.264326171875 0.5833333333333334 0.037763671875 0.06334795321637426
0 0.223310546875 0.5570175438596491 0.095048828125 0.11013157894736841
0 0.342041015625 0.45760233918128657 0.03173828125 0.06725146198830409
0 0.053408203125 0.6939912280701754 0.044560546875 0.08315789473684211
0 0.089111328125 0.6980994152046783 0.035400390625 0.07858187134502924
0 0.13091796875 0.6825730994152047 0.047001953125 0.10416666666666667
0 0.171201171875 0.6610964912280701 0.04822265625 0.05391812865497076
0 0.1904296875 0.6880555555555555 0.09033203125 0.07858187134502924
0 0.640693359375 0.37542397660818716 0.055107421875 0.13054093567251462
0 0.738701171875 0.43337719298245614 0.09486328125 0.06682748538011696
0 0.660576171875 0.2934356725146199 0.037666015625 0.07728070175438596
0 0.952763671875 0.18823099415204678 0.067138671875 0.05665204678362573
0 0.879521484375 0.36138888888888887 0.04150390625 0.06671052631578948
0 0.99212890625 0.25812865497076026 0.012822265625 0.026505847953216373