0 0.023606770833333332 0.592041015625 0.047200520833333336 0.0439453125
0 0.11067708333333333 0.54626953125 0.07161458333333333 0.023193359375
0 0.10904947916666667 0.66345703125 0.048828125 0.035400390625
0 0.2718098958333333 0.62255859375 0.0390625 0.0244140625
0 0.259609375 0.66162109375 0.037434895833333336 0.03173828125
0 0.4793359375 0.618291015625 0.0537109375 0.037841796875
0 0.4720052083333333 0.672001953125 0.048828125 0.040283203125
0 0.5444401041666667 0.637822265625 0.0537109375 0.015869140625
0 0.5981510416666667 0.69091796875 0.0927734375 0.029296875
0 0.693359375 0.689091796875 0.05859375 0.042724609375
0 0.8764713541666667 0.708623046875 0.060221354166666664 0.020751953125
0 0.6803385416666666 0.621337890625 0.045572916666666664 0.02685546875
0 0.7063802083333334 0.59021484375 0.045572916666666664 0.023193359375
0 0.8992578125 0.645146484375 0.060221354166666664 0.018310546875
0 0.4361979166666667 0.505986328125 0.042317708333333336 0.020751953125
0 0.9874739583333333 0.673828125 0.025065104166666668 0.01953125
0 0.30680989583333335 0.664677734375 0.040690104166666664 0.030517578125