0 0.0087890625 0.6984244791666666 0.017578125 0.11360677083333333
0 0.07931640625 0.7265234375 0.10583984375 0.10283854166666667
0 0.15658203125 0.6789843750000001 0.084580078125 0.15658854166666666
0 0.203232421875 0.6754817708333333 0.07185546875 0.1346875
0 0.24646484375 0.7384895833333333 0.06904296875 0.18631510416666666
0 0.419267578125 0.7075 0.051923828125 0.16153645833333333
0 0.648330078125 0.7868489583333332 0.06794921875 0.18876302083333332
0 0.5257421875 0.6310546874999999 0.0528125 0.15743489583333334
0 0.498388671875 0.5431380208333333 0.045537109375 0.12670572916666667
0 0.555810546875 0.4555338541666667 0.0515625 0.107734375
0 0.600048828125 0.5369401041666667 0.059140625 0.15149739583333333
0 0.11046875 0.1546875 0.09001953125 0.13104166666666667
0 0.021962890625 0.09817708333333335 0.04392578125 0.10358072916666666