0 0.060546875 0.5953776041666666 0.0546875 0.055338541666666664
0 0.26123046875 0.5621744791666666 0.0517578125 0.057942708333333336
0 0.3330078125 0.5576171875 0.0498046875 0.054036458333333336
0 0.368408203125 0.5794270833333334 0.02392578125 0.06510416666666667
0 0.171875 0.5400390625 0.056640625 0.07747395833333333
0 0.52287109375 0.5533854166666666 0.030927734375 0.048828125
0 0.49763671875 0.5308723958333333 0.04150390625 0.039609375
0 0.531416015625 0.5099869791666667 0.037431640625 0.0433984375
0 0.613203125 0.5070052083333333 0.021162109375 0.04286458333333334
0 0.680537109375 0.5202864583333333 0.04923828125 0.0531640625
0 0.762529296875 0.36322916666666666 0.030927734375 0.039609375
0 0.694169921875 0.3390885416666667 0.060224609375 0.06727864583333333