2 0.35625 0.75 0.2796875 0.14453125
2 0.16875 0.5734375 0.1703125 0.165625
2 0.04375 0.2953125 0.0875 0.08984375
2 0.7421875 0.66328125 0.09375 0.2328125
2 0.221875 0.25 0.1078125 0.06640625
2 0.8875 0.33125 0.06875 0.0921875
2 0.67265625 0.271875 0.115625 0.06640625
2 0.88359375 0.5375 0.15 0.14453125
2 0.47265625 0.3125 0.1171875 0.125
2 0.38984375 0.60859375 0.0921875 0.2046875
2 0.97578125 0.6484375 0.0453125 0.1484375
2 0.61796875 0.51484375 0.1265625 0.134375
2 0.31875 0.53828125 0.13671875 0.165625
2 0.15 0.45390625 0.0859375 0.115625
2 0.56328125 0.3109375 0.1390625 0.06640625
2 0.5078125 0.25859375 0.0859375 0.084375
2 0.6984375 0.440625 0.1 0.11875
2 0.1515625 0.30859375 0.115625 0.09765625
2 0.665625 0.56640625 0.1640625 0.1796875