2 0.85078125 0.7609375 0.1734375 0.18984375
2 0.8828125 0.56015625 0.1265625 0.203125
2 0.8140625 0.565625 0.078125 0.18359375
2 0.7234375 0.54921875 0.12421875 0.22734375
2 0.7015625 0.66484375 0.14375 0.22578125
2 0.66171875 0.5296875 0.11484375 0.1765625
2 0.61015625 0.528125 0.090625 0.1890625
2 0.56640625 0.5671875 0.096875 0.22109375
2 0.47578125 0.5421875 0.08984375 0.18203125
2 0.34453125 0.73515625 0.09296875 0.19765625
2 0.3671875 0.62265625 0.171875 0.19140625
2 0.3921875 0.56015625 0.0984375 0.15625
2 0.2171875 0.53515625 0.14140625 0.2140625
2 0.34140625 0.48125 0.10390625 0.1609375
2 0.421875 0.390625 0.07265625 0.16875
2 0.13046875 0.5421875 0.05859375 0.20234375
2 0.11328125 0.3234375 0.08984375 0.13984375
2 0.0421875 0.340625 0.084375 0.115625
2 0.0453125 0.203125 0.04453125 0.0890625
2 0.1578125 0.18984375 0.096875 0.1171875
2 0.05390625 0.4390625 0.1078125 0.128125
2 0.121875 0.44453125 0.1046875 0.1625
2 0.36328125 0.31875 0.053125 0.1640625
2 0.43203125 0.29765625 0.0921875 0.1578125
2 0.54609375 0.3359375 0.07734375 0.16875
2 0.60234375 0.3546875 0.0671875 0.12421875
2 0.3078125 0.21171875 0.12890625 0.115625
2 0.3890625 0.07890625 0.07265625 0.090625
2 0.51875 0.0421875 0.08828125 0.08359375
2 0.040625 0.0453125 0.06015625 0.0828125