2 0.17421875 0.11640625 0.1453125 0.1796875
2 0.446875 0.16171875 0.09375 0.0859375
2 0.65 0.1703125 0.096875 0.090625
2 0.8234375 0.140625 0.13125 0.134375
2 0.815625 0.31796875 0.14375 0.1484375
2 0.790625 0.4828125 0.109375 0.14375
2 0.634375 0.33515625 0.134375 0.1140625
2 0.4546875 0.325 0.08125 0.1375
2 0.44375 0.49921875 0.090625 0.1421875
2 0.1578125 0.3296875 0.090625 0.1375
2 0.22421875 0.5 0.0984375 0.171875
2 0.22578125 0.68671875 0.0859375 0.1265625
2 0.38828125 0.68359375 0.1015625 0.1390625
2 0.6125 0.66328125 0.0875 0.1015625
2 0.78125 0.684375 0.121875 0.1
2 0.9609375 0.81171875 0.071875 0.1296875
2 0.64140625 0.83671875 0.0953125 0.1265625
2 0.40078125 0.87890625 0.0984375 0.0796875
2 0.165625 0.84921875 0.0875 0.1515625
2 0.80625 0.95 0.090625 0.096875
2 0.659375 0.503125 0.096875 0.115625