2 0.28125 0.21015625 0.1375 0.1734375
2 0.50625 0.24140625 0.134375 0.1203125
2 0.75234375 0.21640625 0.1515625 0.1578125
2 0.265625 0.428125 0.13125 0.190625
2 0.47734375 0.44296875 0.1546875 0.1421875
2 0.68125 0.4328125 0.10625 0.15625
2 0.903125 0.42890625 0.134375 0.1453125
2 0.19921875 0.6625 0.1109375 0.20625
2 0.49140625 0.65 0.1109375 0.153125
2 0.6984375 0.62578125 0.134375 0.1578125
2 0.9 0.62890625 0.10625 0.1140625
2 0.28359375 0.8734375 0.0984375 0.1625
2 0.515625 0.865625 0.134375 0.1625
2 0.69453125 0.8328125 0.1171875 0.1625
2 0.9125 0.80234375 0.1375 0.1515625