2 0.3625 0.2078125 0.128125 0.1625
2 0.57109375 0.23828125 0.1546875 0.1328125
2 0.8234375 0.20546875 0.153125 0.1546875
2 0.76796875 0.42578125 0.1453125 0.1671875
2 0.56328125 0.42890625 0.1390625 0.1453125
2 0.34609375 0.425 0.1046875 0.2
2 0.08515625 0.44453125 0.1546875 0.1953125
2 0.128125 0.675 0.14375 0.203125
2 0.2984375 0.64375 0.14375 0.2
2 0.58125 0.634375 0.125 0.1625
2 0.77734375 0.61796875 0.1359375 0.1640625
2 0.6078125 0.84765625 0.15625 0.1453125
2 0.37890625 0.86875 0.0890625 0.171875
2 0.04765625 0.89921875 0.0921875 0.1546875