2 0.609375 0.39765625 0.1 0.1484375
2 0.85 0.409375 0.090625 0.125
2 0.79140625 0.58125 0.1015625 0.109375
2 0.56328125 0.59453125 0.0921875 0.1203125
2 0.4109375 0.58984375 0.084375 0.1296875
2 0.1046875 0.6328125 0.109375 0.084375
2 0.1640625 0.79375 0.103125 0.103125
2 0.3453125 0.75 0.090625 0.1375
2 0.5671875 0.7875 0.109375 0.0875
2 0.82578125 0.76015625 0.1109375 0.1421875
2 0.1421875 0.2640625 0.184375 0.103125
2 0.17265625 0.45859375 0.1203125 0.0828125
2 0.39609375 0.40234375 0.1015625 0.1734375
2 0.32890625 0.2390625 0.0984375 0.1625
2 0.6375 0.2203125 0.084375 0.14375
2 0.83046875 0.225 0.1359375 0.10625
2 0.84140625 0.04140625 0.1078125 0.0828125
2 0.6171875 0.04765625 0.10625 0.0796875
2 0.16484375 0.065625 0.1109375 0.08125