2 0.1328125 0.1796875 0.02421875 0.04921875
2 0.10703125 0.27109375 0.06640625 0.046875
2 0.0390625 0.3359375 0.0625 0.0875
2 0.1609375 0.2859375 0.04140625 0.09453125
2 0.1828125 0.203125 0.03515625 0.06015625
2 0.21328125 0.17265625 0.05625 0.04375
2 0.30703125 0.20390625 0.0609375 0.0375
2 0.35859375 0.17421875 0.053125 0.06484375
2 0.378125 0.2046875 0.04921875 0.06875
2 0.4296875 0.25078125 0.07265625 0.04765625
2 0.52109375 0.1640625 0.0484375 0.06171875
2 0.534375 0.15 0.03671875 0.0578125
2 0.540625 0.19375 0.06328125 0.06015625
2 0.603125 0.2171875 0.04140625 0.08359375
2 0.52265625 0.22578125 0.0578125 0.065625
2 0.7859375 0.19375 0.0546875 0.053125
2 0.86171875 0.16796875 0.05078125 0.04921875
2 0.8890625 0.1578125 0.03515625 0.0578125
2 0.98359375 0.18828125 0.0328125 0.059375
2 0.9234375 0.21640625 0.06484375 0.04296875
2 0.0640625 0.46484375 0.0515625 0.0859375
2 0.25703125 0.26171875 0.04375 0.0625
2 0.3578125 0.25625 0.065625 0.0640625
2 0.3921875 0.30078125 0.07734375 0.08125
2 0.321875 0.3328125 0.09296875 0.075
2 0.27109375 0.36875 0.07109375 0.075
2 0.41484375 0.38671875 0.0953125 0.10078125
2 0.40859375 0.446875 0.103125 0.06484375
2 0.39296875 0.72265625 0.08203125 0.16875
2 0.8765625 0.625 0.10390625 0.13671875
2 0.88359375 0.56015625 0.05234375 0.10546875
2 0.8375 0.340625 0.0609375 0.084375
2 0.77890625 0.36875 0.03359375 0.06875
2 0.68203125 0.4203125 0.06796875 0.096875