2 0.1171875 0.2578125 0.1484375 0.14453125
2 0.49921875 0.0734375 0.10234375 0.13125
2 0.76484375 0.1640625 0.10078125 0.1203125
2 0.709375 0.1109375 0.12734375 0.0515625
2 0.7796875 0.24921875 0.14140625 0.1046875
2 0.93671875 0.39921875 0.1265625 0.08984375
2 0.79609375 0.328125 0.05703125 0.11640625
2 0.31328125 0.2390625 0.08359375 0.1390625
2 0.5015625 0.26171875 0.13203125 0.13046875
2 0.53125 0.3015625 0.07265625 0.084375
2 0.3484375 0.2875 0.10625 0.1390625
2 0.24921875 0.3359375 0.09609375 0.1171875
2 0.36328125 0.3453125 0.14140625 0.12734375
2 0.628125 0.38046875 0.125 0.09140625
2 0.69375 0.43125 0.05859375 0.0921875
2 0.7796875 0.41640625 0.090625 0.14453125
2 0.56953125 0.4109375 0.05859375 0.0890625
2 0.49453125 0.36015625 0.13671875 0.09453125
2 0.3 0.42265625 0.0953125 0.0921875
2 0.3953125 0.4234375 0.12734375 0.10546875
2 0.45703125 0.41875 0.0859375 0.134375
2 0.29921875 0.51953125 0.1796875 0.153125
2 0.52734375 0.55859375 0.1609375 0.1859375
2 0.575 0.51875 0.146875 0.10390625
2 0.64609375 0.61875 0.06796875 0.11953125
2 0.90078125 0.53203125 0.159375 0.121875
2 0.78125 0.5875 0.1046875 0.1921875
2 0.903125 0.8328125 0.08828125 0.190625
2 0.7125 0.65625 0.1484375 0.16484375
2 0.69296875 0.7828125 0.078125 0.1921875
2 0.68984375 0.928125 0.1953125 0.14375
2 0.60546875 0.75859375 0.1140625 0.16953125
2 0.41875 0.7 0.159375 0.12578125
2 0.375 0.7484375 0.1796875 0.18984375
2 0.20859375 0.5984375 0.1875 0.11640625
2 0.2578125 0.665625 0.1 0.10859375
2 0.20078125 0.70546875 0.18828125 0.16640625
2 0.11328125 0.53984375 0.06015625 0.1703125