2 0.55 0.890625 0.08671875 0.10078125
2 0.3796875 0.84765625 0.071875 0.08828125
2 0.265625 0.81015625 0.0734375 0.084375
2 0.1359375 0.76875 0.06640625 0.09921875
2 0.09375 0.74921875 0.0671875 0.0734375
2 0.3375 0.78515625 0.06015625 0.07734375
2 0.6203125 0.87109375 0.0625 0.08828125
2 0.68046875 0.859375 0.0578125 0.08984375
2 0.79140625 0.8671875 0.0734375 0.096875
2 0.875 0.87421875 0.04765625 0.09375
2 0.91640625 0.8609375 0.05390625 0.10234375
2 0.97734375 0.85 0.0453125 0.096875
2 0.43671875 0.81015625 0.05390625 0.10234375
2 0.51328125 0.85 0.05859375 0.08125
2 0.32421875 0.73046875 0.03828125 0.0828125
2 0.20546875 0.775 0.0625 0.08671875
2 0.72734375 0.84375 0.04765625 0.10078125