2 0.84765625 0.54453125 0.0484375 0.08203125
2 0.6859375 0.64453125 0.0640625 0.075
2 0.70390625 0.59140625 0.05390625 0.0609375
2 0.50546875 0.59140625 0.04140625 0.075
2 0.55625 0.5625 0.05625 0.0890625
2 0.4734375 0.50390625 0.03828125 0.05703125
2 0.41015625 0.47109375 0.06171875 0.0640625
2 0.34609375 0.52109375 0.06640625 0.07890625
2 0.3296875 0.45703125 0.05859375 0.07890625
2 0.25 0.54609375 0.05859375 0.07890625
2 0.42421875 0.38359375 0.03828125 0.075
2 0.5 0.38046875 0.0359375 0.0609375
2 0.46015625 0.375 0.028125 0.07109375
2 0.5140625 0.325 0.04375 0.0640625
2 0.5515625 0.30703125 0.03046875 0.07890625
2 0.63984375 0.24296875 0.028125 0.07109375
2 0.6203125 0.27890625 0.05625 0.0640625
2 0.58359375 0.45703125 0.0796875 0.09296875
2 0.6296875 0.39296875 0.05390625 0.0640625
2 0.79765625 0.4859375 0.06640625 0.0859375
2 0.8921875 0.43359375 0.02578125 0.0609375
2 0.84453125 0.40546875 0.0484375 0.08203125
2 0.7484375 0.3734375 0.0515625 0.08203125
2 0.721875 0.32109375 0.03828125 0.05
2 0.83984375 0.30703125 0.03359375 0.07109375
2 0.76796875 0.30546875 0.03359375 0.04609375
2 0.76640625 0.20546875 0.05625 0.04609375
2 0.75625 0.25390625 0.06171875 0.05703125
2 0.6984375 0.25390625 0.03828125 0.07890625
2 0.91640625 0.25546875 0.03359375 0.0609375
2 0.9078125 0.31953125 0.071875 0.0890625
2 0.971875 0.38359375 0.04140625 0.0890625
2 0.9703125 0.31953125 0.03359375 0.05390625
2 0.98046875 0.4984375 0.03828125 0.0890625