2 0.465625 0.821875 0.0828125 0.31484375
2 0.846875 0.6671875 0.11171875 0.2
2 0.0421875 0.34921875 0.084375 0.16328125
2 0.1203125 0.26484375 0.06171875 0.1109375
2 0.18125 0.28515625 0.08359375 0.19609375
2 0.2046875 0.37578125 0.06328125 0.11484375
2 0.253125 0.40546875 0.09609375 0.15859375
2 0.35859375 0.328125 0.0421875 0.12734375
2 0.4390625 0.35234375 0.065625 0.228125
2 0.2859375 0.2765625 0.06015625 0.14296875
2 0.24921875 0.2078125 0.02734375 0.11640625
2 0.3125 0.2515625 0.04375 0.1359375
2 0.378125 0.190625 0.0421875 0.10546875
2 0.3203125 0.1578125 0.0265625 0.0875
2 0.3625 0.12578125 0.046875 0.06484375
2 0.42265625 0.09140625 0.0421875 0.08671875
2 0.475 0.10234375 0.01953125 0.07734375
2 0.5359375 0.0703125 0.02890625 0.08515625
2 0.61015625 0.0953125 0.0453125 0.08828125
2 0.64140625 0.08046875 0.021875 0.06875
2 0.49375 0.2171875 0.0390625 0.12265625
2 0.51953125 0.32109375 0.0546875 0.121875
2 0.59140625 0.36171875 0.0875 0.1921875
2 0.63984375 0.2421875 0.08203125 0.11875
2 0.75625 0.353125 0.046875 0.16796875
2 0.83359375 0.42265625 0.10078125 0.1625
2 0.8734375 0.30859375 0.06015625 0.0890625
2 0.92265625 0.2421875 0.09140625 0.1515625
2 0.95546875 0.09609375 0.05234375 0.09375