2 0.76875 0.27421875 0.12109375 0.146875
2 0.73125 0.171875 0.14453125 0.1453125
2 0.590625 0.21484375 0.12421875 0.22421875
2 0.42421875 0.3828125 0.0984375 0.22421875
2 0.5296875 0.5078125 0.16015625 0.190625
2 0.6578125 0.56640625 0.1328125 0.15390625
2 0.384375 0.55703125 0.140625 0.25
2 0.0828125 0.565625 0.09453125 0.16796875
2 0.1296875 0.446875 0.17890625 0.146875
2 0.21015625 0.3328125 0.1171875 0.11328125
2 0.16015625 0.18203125 0.1296875 0.1078125
2 0.39375 0.19609375 0.1203125 0.10234375