2 0.1046875 0.153125 0.10390625 0.12578125
2 0.17109375 0.2109375 0.071875 0.1171875
2 0.20546875 0.3015625 0.1171875 0.10078125
2 0.2765625 0.1328125 0.0859375 0.17734375
2 0.36796875 0.2359375 0.096875 0.1171875
2 0.47890625 0.3109375 0.109375 0.1359375
2 0.5 0.23125 0.08359375 0.09140625
2 0.5765625 0.1609375 0.08515625 0.1375
2 0.6984375 0.47890625 0.0953125 0.1375
2 0.621875 0.57578125 0.11484375 0.12421875
2 0.7546875 0.575 0.08671875 0.14453125
2 0.8453125 0.5109375 0.10859375 0.1265625
2 0.8171875 0.22421875 0.08515625 0.15390625
2 0.89296875 0.36796875 0.08125 0.13125
2 0.89375 0.27734375 0.10234375 0.109375
2 0.975 0.20078125 0.04921875 0.121875
2 0.8796875 0.80234375 0.14296875 0.146875
2 0.95 0.94140625 0.1 0.1171875